           age  Diabetes income  count
2    17.000000  0.205607  <=50K    107
3    18.000000  0.186170  <=50K    188
4    19.000000  0.223301  <=50K    205
5    19.000000  0.223301   >50K      1
36   20.000000  0.260090  <=50K    222
37   20.000000  0.260090   >50K      1
38   21.000000  0.161435  <=50K    221
39   21.000000  0.161435   >50K      2
6    22.000000  0.145038  <=50K    260
7    22.000000  0.145038   >50K      2
8    23.000000  0.152482  <=50K    277
9    23.000000  0.152482   >50K      5
10   24.000000  0.170635  <=50K    246
11   24.000000  0.170635   >50K      6
40   25.000000  0.115207  <=50K    206
41   25.000000  0.115207   >50K     11
42   26.000000  0.196347  <=50K    209
43   26.000000  0.196347   >50K     10
12   27.000000  0.163793  <=50K    212
13   27.000000  0.163793   >50K     20
14   28.000000  0.156134  <=50K    230
15   28.000000  0.156134   >50K     39
16   29.000000  0.200000  <=50K    205
17   29.000000  0.200000   >50K     45
44   30.000000  0.189076  <=50K    188
45   30.000000  0.189076   >50K     50
46   31.000000  0.239382  <=50K    213
47   31.000000  0.239382   >50K     46
18   32.000000  0.176245  <=50K    196
19   32.000000  0.176245   >50K     65
20   33.000000  0.201439  <=50K    213
21   33.000000  0.201439   >50K     65
22   34.000000  0.247012  <=50K    184
23   34.000000  0.247012   >50K     67
48   35.000000  0.159851  <=50K    198
49   35.000000  0.159851   >50K     71
50   36.000000  0.179856  <=50K    197
51   36.000000  0.179856   >50K     81
0    37.481836  0.206501  <=50K    362
1    37.481836  0.206501   >50K    161
24   39.000000  0.143498  <=50K    134
25   39.000000  0.143498   >50K     89
52   40.000000  0.175000  <=50K    164
53   40.000000  0.175000   >50K     76
54   41.000000  0.162162  <=50K    171
55   41.000000  0.162162   >50K     88
26   42.000000  0.242424  <=50K    149
27   42.000000  0.242424   >50K     82
56   43.000000  0.180851  <=50K    106
57   43.000000  0.180851   >50K     82
58   44.000000  0.217391  <=50K    134
59   44.000000  0.217391   >50K     73
28   45.000000  0.133929  <=50K    147
29   45.000000  0.133929   >50K     77
60   46.000000  0.147059  <=50K    125
61   46.000000  0.147059   >50K     79
62   47.000000  0.175926  <=50K    135
63   47.000000  0.175926   >50K     81
30   48.000000  0.166667  <=50K    109
31   48.000000  0.166667   >50K     71
32   49.477987  0.166667  <=50K    192
33   49.477987  0.166667   >50K    126
34   51.477064  0.165138  <=50K    203
35   51.477064  0.165138   >50K    124
64   53.000000  0.174497  <=50K     88
65   53.000000  0.174497   >50K     61
74   54.000000  0.218487  <=50K     72
75   54.000000  0.218487   >50K     47
76   55.000000  0.137097  <=50K     83
77   55.000000  0.137097   >50K     41
66   56.000000  0.175926  <=50K     71
67   56.000000  0.175926   >50K     37
68   57.000000  0.200000  <=50K     81
69   57.000000  0.200000   >50K     44
70   58.000000  0.186441  <=50K     70
71   58.000000  0.186441   >50K     48
78   59.000000  0.184466  <=50K     66
79   59.000000  0.184466   >50K     37
86   60.000000  0.243243  <=50K     57
87   60.000000  0.243243   >50K     17
88   61.000000  0.154639  <=50K     68
89   61.000000  0.154639   >50K     29
72   62.000000  0.180723  <=50K     61
73   62.000000  0.180723   >50K     22
80   63.000000  0.256410  <=50K     55
81   63.000000  0.256410   >50K     23
82   64.458599  0.165605  <=50K    110
83   64.458599  0.165605   >50K     47
84   66.000000  0.163265  <=50K     40
85   66.000000  0.163265   >50K      9
90   67.000000  0.036364  <=50K     47
91   67.000000  0.036364   >50K      8
94   68.000000  0.176471  <=50K     32
95   68.000000  0.176471   >50K      2
106  69.000000  0.130435  <=50K     18
107  69.000000  0.130435   >50K      5
108  70.000000  0.086957  <=50K     21
109  70.000000  0.086957   >50K      2
92   71.000000  0.120000  <=50K     20
93   71.000000  0.120000   >50K      5
96   72.000000  0.266667  <=50K     26
97   72.000000  0.266667   >50K      4
98   73.400000  0.400000  <=50K     32
99   73.400000  0.400000   >50K      8
100  75.000000  0.142857  <=50K     12
101  75.000000  0.142857   >50K      2
102  76.000000  0.133333  <=50K     13
103  76.000000  0.133333   >50K      2
104  77.448276  0.206897  <=50K     27
105  77.448276  0.206897   >50K      2
110  80.000000  0.300000  <=50K      9
111  80.000000  0.300000   >50K      1
112  81.166667  0.166667  <=50K     10
113  81.166667  0.166667   >50K      2
118  83.750000  1.250000  <=50K      4
116  84.000000  0.000000  <=50K      2
117  84.000000  0.000000   >50K      1
114  89.875000  0.250000  <=50K      5
115  89.875000  0.250000   >50K      3