           age  Diabetes income  count
0    19.281943  0.208025  <=50K    943
1    19.281943  0.208025   >50K      4
4    22.000000  0.145038  <=50K    260
5    22.000000  0.145038   >50K      2
6    23.000000  0.152482  <=50K    277
7    23.000000  0.152482   >50K      5
8    24.000000  0.170635  <=50K    246
9    24.000000  0.170635   >50K      6
34   25.000000  0.115207  <=50K    206
35   25.000000  0.115207   >50K     11
36   26.000000  0.196347  <=50K    209
37   26.000000  0.196347   >50K     10
10   27.000000  0.163793  <=50K    212
11   27.000000  0.163793   >50K     20
12   28.000000  0.156134  <=50K    230
13   28.000000  0.156134   >50K     39
14   29.000000  0.200000  <=50K    205
15   29.000000  0.200000   >50K     45
38   30.000000  0.189076  <=50K    188
39   30.000000  0.189076   >50K     50
40   31.000000  0.239382  <=50K    213
41   31.000000  0.239382   >50K     46
16   32.000000  0.176245  <=50K    196
17   32.000000  0.176245   >50K     65
18   33.000000  0.201439  <=50K    213
19   33.000000  0.201439   >50K     65
20   34.000000  0.247012  <=50K    184
21   34.000000  0.247012   >50K     67
42   35.000000  0.159851  <=50K    198
43   35.000000  0.159851   >50K     71
44   36.000000  0.179856  <=50K    197
45   36.000000  0.179856   >50K     81
2    37.481836  0.206501  <=50K    362
3    37.481836  0.206501   >50K    161
22   39.000000  0.143498  <=50K    134
23   39.000000  0.143498   >50K     89
46   40.000000  0.175000  <=50K    164
47   40.000000  0.175000   >50K     76
48   41.000000  0.162162  <=50K    171
49   41.000000  0.162162   >50K     88
24   42.000000  0.242424  <=50K    149
25   42.000000  0.242424   >50K     82
50   43.000000  0.180851  <=50K    106
51   43.000000  0.180851   >50K     82
52   44.000000  0.217391  <=50K    134
53   44.000000  0.217391   >50K     73
26   45.000000  0.133929  <=50K    147
27   45.000000  0.133929   >50K     77
54   46.000000  0.147059  <=50K    125
55   46.000000  0.147059   >50K     79
56   47.000000  0.175926  <=50K    135
57   47.000000  0.175926   >50K     81
28   48.000000  0.166667  <=50K    109
29   48.000000  0.166667   >50K     71
30   49.477987  0.166667  <=50K    192
31   49.477987  0.166667   >50K    126
32   51.477064  0.165138  <=50K    203
33   51.477064  0.165138   >50K    124
58   53.000000  0.174497  <=50K     88
59   53.000000  0.174497   >50K     61
68   54.000000  0.218487  <=50K     72
69   54.000000  0.218487   >50K     47
70   55.000000  0.137097  <=50K     83
71   55.000000  0.137097   >50K     41
60   56.000000  0.175926  <=50K     71
61   56.000000  0.175926   >50K     37
62   57.000000  0.200000  <=50K     81
63   57.000000  0.200000   >50K     44
64   58.000000  0.186441  <=50K     70
65   58.000000  0.186441   >50K     48
72   59.000000  0.184466  <=50K     66
73   59.000000  0.184466   >50K     37
80   60.000000  0.243243  <=50K     57
81   60.000000  0.243243   >50K     17
82   61.000000  0.154639  <=50K     68
83   61.000000  0.154639   >50K     29
66   62.000000  0.180723  <=50K     61
67   62.000000  0.180723   >50K     22
74   63.000000  0.256410  <=50K     55
75   63.000000  0.256410   >50K     23
76   64.458599  0.165605  <=50K    110
77   64.458599  0.165605   >50K     47
78   66.000000  0.163265  <=50K     40
79   66.000000  0.163265   >50K      9
84   67.000000  0.036364  <=50K     47
85   67.000000  0.036364   >50K      8
88   68.000000  0.176471  <=50K     32
89   68.000000  0.176471   >50K      2
100  69.000000  0.130435  <=50K     18
101  69.000000  0.130435   >50K      5
102  70.000000  0.086957  <=50K     21
103  70.000000  0.086957   >50K      2
86   71.000000  0.120000  <=50K     20
87   71.000000  0.120000   >50K      5
90   72.000000  0.266667  <=50K     26
91   72.000000  0.266667   >50K      4
92   73.400000  0.400000  <=50K     32
93   73.400000  0.400000   >50K      8
94   75.000000  0.142857  <=50K     12
95   75.000000  0.142857   >50K      2
96   76.000000  0.133333  <=50K     13
97   76.000000  0.133333   >50K      2
98   77.448276  0.206897  <=50K     27
99   77.448276  0.206897   >50K      2
104  80.000000  0.300000  <=50K      9
105  80.000000  0.300000   >50K      1
106  81.166667  0.166667  <=50K     10
107  81.166667  0.166667   >50K      2
108  83.857143  0.714286  <=50K      6
109  83.857143  0.714286   >50K      1
110  89.875000  0.250000  <=50K      5
111  89.875000  0.250000   >50K      3