          age  Diabetes income  count
0   27.156801  0.185348  <=50K   4177
1   27.156801  0.185348   >50K    587
2   37.481836  0.206501  <=50K    362
3   37.481836  0.206501   >50K    161
4   39.000000  0.143498  <=50K    134
5   39.000000  0.143498   >50K     89
18  40.000000  0.175000  <=50K    164
19  40.000000  0.175000   >50K     76
20  41.000000  0.162162  <=50K    171
21  41.000000  0.162162   >50K     88
6   42.000000  0.242424  <=50K    149
7   42.000000  0.242424   >50K     82
8   43.524051  0.200000  <=50K    240
9   43.524051  0.200000   >50K    155
10  45.000000  0.133929  <=50K    147
11  45.000000  0.133929   >50K     77
22  46.000000  0.147059  <=50K    125
23  46.000000  0.147059   >50K     79
24  47.000000  0.175926  <=50K    135
25  47.000000  0.175926   >50K     81
12  48.000000  0.166667  <=50K    109
13  48.000000  0.166667   >50K     71
14  49.477987  0.166667  <=50K    192
15  49.477987  0.166667   >50K    126
16  51.477064  0.165138  <=50K    203
17  51.477064  0.165138   >50K    124
26  53.000000  0.174497  <=50K     88
27  53.000000  0.174497   >50K     61
36  54.000000  0.218487  <=50K     72
37  54.000000  0.218487   >50K     47
38  55.000000  0.137097  <=50K     83
39  55.000000  0.137097   >50K     41
28  56.000000  0.175926  <=50K     71
29  56.000000  0.175926   >50K     37
30  57.000000  0.200000  <=50K     81
31  57.000000  0.200000   >50K     44
32  58.000000  0.186441  <=50K     70
33  58.000000  0.186441   >50K     48
40  59.000000  0.184466  <=50K     66
41  59.000000  0.184466   >50K     37
48  60.000000  0.243243  <=50K     57
49  60.000000  0.243243   >50K     17
50  61.000000  0.154639  <=50K     68
51  61.000000  0.154639   >50K     29
34  62.000000  0.180723  <=50K     61
35  62.000000  0.180723   >50K     22
42  63.000000  0.256410  <=50K     55
43  63.000000  0.256410   >50K     23
44  64.458599  0.165605  <=50K    110
45  64.458599  0.165605   >50K     47
46  66.000000  0.163265  <=50K     40
47  66.000000  0.163265   >50K      9
52  67.000000  0.036364  <=50K     47
53  67.000000  0.036364   >50K      8
56  68.000000  0.176471  <=50K     32
57  68.000000  0.176471   >50K      2
68  69.000000  0.130435  <=50K     18
69  69.000000  0.130435   >50K      5
70  70.000000  0.086957  <=50K     21
71  70.000000  0.086957   >50K      2
54  71.000000  0.120000  <=50K     20
55  71.000000  0.120000   >50K      5
58  72.000000  0.266667  <=50K     26
59  72.000000  0.266667   >50K      4
60  73.400000  0.400000  <=50K     32
61  73.400000  0.400000   >50K      8
62  75.000000  0.142857  <=50K     12
63  75.000000  0.142857   >50K      2
64  76.000000  0.133333  <=50K     13
65  76.000000  0.133333   >50K      2
66  77.448276  0.206897  <=50K     27
67  77.448276  0.206897   >50K      2
72  80.000000  0.300000  <=50K      9
73  80.000000  0.300000   >50K      1
74  81.166667  0.166667  <=50K     10
75  81.166667  0.166667   >50K      2
76  83.857143  0.714286  <=50K      6
77  83.857143  0.714286   >50K      1
78  89.875000  0.250000  <=50K      5
79  89.875000  0.250000   >50K      3